camera_matrix:
- - 532.6629822683216
  - 0.0
  - 329.89940484344186
- - 0.0
  - 532.4485979750326
  - 242.29085522261448
- - 0.0
  - 0.0
  - 1.0
dist_coeff:
- - 0.17000228300171896
  - -0.38383838504854695
  - -0.002922857659746858
  - -0.00039118492175599286
  - 0.11402733284647265
rms: 0.15389785441967982
